(kicad_pcb (version 20171130) (host pcbnew 5.1.10-88a1d61d58~90~ubuntu20.04.1)

  (general
    (thickness 1)
    (drawings 4)
    (tracks 213)
    (zones 0)
    (modules 25)
    (nets 19)
  )

  (page A4)
  (layers
    (0 F.Cu signal)
    (31 B.Cu signal hide)
    (36 B.SilkS user hide)
    (37 F.SilkS user hide)
    (38 B.Mask user hide)
    (39 F.Mask user hide)
    (40 Dwgs.User user hide)
    (41 Cmts.User user hide)
    (42 Eco1.User user hide)
    (43 Eco2.User user hide)
    (44 Edge.Cuts user)
    (45 Margin user hide)
    (46 B.CrtYd user hide)
    (47 F.CrtYd user)
    (48 B.Fab user hide)
    (49 F.Fab user)
  )

  (setup
    (last_trace_width 0.25)
    (user_trace_width 0.5)
    (user_trace_width 1)
    (trace_clearance 0.2)
    (zone_clearance 0.508)
    (zone_45_only no)
    (trace_min 0.2)
    (via_size 0.8)
    (via_drill 0.4)
    (via_min_size 0.4)
    (via_min_drill 0.3)
    (user_via 0.6 0.3)
    (uvia_size 0.3)
    (uvia_drill 0.1)
    (uvias_allowed no)
    (uvia_min_size 0.2)
    (uvia_min_drill 0.1)
    (edge_width 0.1)
    (segment_width 0.2)
    (pcb_text_width 0.3)
    (pcb_text_size 1.5 1.5)
    (mod_edge_width 0.15)
    (mod_text_size 0.75 1)
    (mod_text_width 0.15)
    (pad_size 1.524 1.524)
    (pad_drill 0.762)
    (pad_to_mask_clearance 0)
    (aux_axis_origin 0 0)
    (visible_elements FFFDFF7F)
    (pcbplotparams
      (layerselection 0x010f0_ffffffff)
      (usegerberextensions true)
      (usegerberattributes true)
      (usegerberadvancedattributes true)
      (creategerberjobfile false)
      (excludeedgelayer true)
      (linewidth 0.100000)
      (plotframeref false)
      (viasonmask false)
      (mode 1)
      (useauxorigin false)
      (hpglpennumber 1)
      (hpglpenspeed 20)
      (hpglpendiameter 15.000000)
      (psnegative false)
      (psa4output false)
      (plotreference true)
      (plotvalue true)
      (plotinvisibletext false)
      (padsonsilk false)
      (subtractmaskfromsilk true)
      (outputformat 1)
      (mirror false)
      (drillshape 0)
      (scaleselection 1)
      (outputdirectory "../gerber/led_lamp_base/"))
  )

  (net 0 "")
  (net 1 Vreg)
  (net 2 GND)
  (net 3 Vin)
  (net 4 +BATT)
  (net 5 "Net-(L1-Pad1)")
  (net 6 /FB)
  (net 7 /Vdim)
  (net 8 /~SW)
  (net 9 /REFON)
  (net 10 /~BATBYP)
  (net 11 "Net-(R3-Pad2)")
  (net 12 /LEDON)
  (net 13 /OC1A)
  (net 14 /REFIN)
  (net 15 +2V5)
  (net 16 "Net-(C2-Pad1)")
  (net 17 "Net-(J4-Pad2)")
  (net 18 "Net-(R2-Pad2)")

  (net_class Default "This is the default net class."
    (clearance 0.2)
    (trace_width 0.25)
    (via_dia 0.8)
    (via_drill 0.4)
    (uvia_dia 0.3)
    (uvia_drill 0.1)
    (add_net +2V5)
    (add_net +BATT)
    (add_net /FB)
    (add_net /LEDON)
    (add_net /OC1A)
    (add_net /REFIN)
    (add_net /REFON)
    (add_net /Vdim)
    (add_net /~BATBYP)
    (add_net /~SW)
    (add_net GND)
    (add_net "Net-(C2-Pad1)")
    (add_net "Net-(J4-Pad2)")
    (add_net "Net-(L1-Pad1)")
    (add_net "Net-(R2-Pad2)")
    (add_net "Net-(R3-Pad2)")
    (add_net Vin)
    (add_net Vreg)
  )

  (module Resistor_SMD:R_0805_2012Metric (layer B.Cu) (tedit 5F68FEEE) (tstamp 6211D270)
    (at 150.95 107.95 90)
    (descr "Resistor SMD 0805 (2012 Metric), square (rectangular) end terminal, IPC_7351 nominal, (Body size source: IPC-SM-782 page 72, https://www.pcb-3d.com/wordpress/wp-content/uploads/ipc-sm-782a_amendment_1_and_2.pdf), generated with kicad-footprint-generator")
    (tags resistor)
    (path /6212631A)
    (attr smd)
    (fp_text reference R5 (at -4.75 -0.05 270) (layer B.SilkS)
      (effects (font (size 1 0.75) (thickness 0.15)) (justify mirror))
    )
    (fp_text value 1k (at 0 -1.65 90) (layer B.Fab)
      (effects (font (size 1 1) (thickness 0.15)) (justify mirror))
    )
    (fp_line (start -1 -0.625) (end -1 0.625) (layer B.Fab) (width 0.1))
    (fp_line (start -1 0.625) (end 1 0.625) (layer B.Fab) (width 0.1))
    (fp_line (start 1 0.625) (end 1 -0.625) (layer B.Fab) (width 0.1))
    (fp_line (start 1 -0.625) (end -1 -0.625) (layer B.Fab) (width 0.1))
    (fp_line (start -0.227064 0.735) (end 0.227064 0.735) (layer B.SilkS) (width 0.12))
    (fp_line (start -0.227064 -0.735) (end 0.227064 -0.735) (layer B.SilkS) (width 0.12))
    (fp_line (start -1.68 -0.95) (end -1.68 0.95) (layer B.CrtYd) (width 0.05))
    (fp_line (start -1.68 0.95) (end 1.68 0.95) (layer B.CrtYd) (width 0.05))
    (fp_line (start 1.68 0.95) (end 1.68 -0.95) (layer B.CrtYd) (width 0.05))
    (fp_line (start 1.68 -0.95) (end -1.68 -0.95) (layer B.CrtYd) (width 0.05))
    (fp_text user %R (at 0 0 90) (layer B.Fab)
      (effects (font (size 1 1) (thickness 0.15)) (justify mirror))
    )
    (pad 1 smd roundrect (at -0.9125 0 90) (size 1.025 1.4) (layers B.Cu B.Paste B.Mask) (roundrect_rratio 0.2439014634146341)
      (net 16 "Net-(C2-Pad1)"))
    (pad 2 smd roundrect (at 0.9125 0 90) (size 1.025 1.4) (layers B.Cu B.Paste B.Mask) (roundrect_rratio 0.2439014634146341)
      (net 2 GND))
    (model ${KISYS3DMOD}/Resistor_SMD.3dshapes/R_0805_2012Metric.wrl
      (at (xyz 0 0 0))
      (scale (xyz 1 1 1))
      (rotate (xyz 0 0 0))
    )
  )

  (module NetTie:NetTie-2_SMD_Pad0.5mm (layer F.Cu) (tedit 6212E8BF) (tstamp 6212DC64)
    (at 154.15 102.2 180)
    (descr "Net tie, 2 pin, 0.5mm square SMD pads")
    (tags "net tie")
    (path /61D813AB)
    (attr virtual)
    (fp_text reference NT1 (at 0 -1.2) (layer F.SilkS) hide
      (effects (font (size 1 0.75) (thickness 0.15)))
    )
    (fp_text value Net-Tie_2 (at 0 1.2) (layer F.Fab)
      (effects (font (size 1 1) (thickness 0.15)))
    )
    (fp_poly (pts (xy -0.5 -0.125) (xy 0.5 -0.125) (xy 0.5 0.125) (xy -0.5 0.125)) (layer F.Cu) (width 0))
    (fp_line (start 0.625 -0.125) (end -0.625 -0.125) (layer F.CrtYd) (width 0.05))
    (fp_line (start 0.625 0.125) (end 0.625 -0.125) (layer F.CrtYd) (width 0.05))
    (fp_line (start -0.625 0.125) (end 0.625 0.125) (layer F.CrtYd) (width 0.05))
    (fp_line (start -0.625 -0.125) (end -0.625 0.125) (layer F.CrtYd) (width 0.05))
    (pad 1 smd circle (at -0.5 0 180) (size 0.25 0.25) (layers F.Cu)
      (net 9 /REFON))
    (pad 2 smd circle (at 0.5 0 180) (size 0.25 0.25) (layers F.Cu)
      (net 14 /REFIN))
  )

  (module Resistor_SMD:R_0805_2012Metric (layer F.Cu) (tedit 5F68FEEE) (tstamp 6211D435)
    (at 156.5 112.4 180)
    (descr "Resistor SMD 0805 (2012 Metric), square (rectangular) end terminal, IPC_7351 nominal, (Body size source: IPC-SM-782 page 72, https://www.pcb-3d.com/wordpress/wp-content/uploads/ipc-sm-782a_amendment_1_and_2.pdf), generated with kicad-footprint-generator")
    (tags resistor)
    (path /62126342)
    (attr smd)
    (fp_text reference R7 (at -2.45 0.05 90) (layer F.SilkS)
      (effects (font (size 1 0.75) (thickness 0.15)))
    )
    (fp_text value 0,1 (at 0 1.65) (layer F.Fab)
      (effects (font (size 1 1) (thickness 0.15)))
    )
    (fp_line (start -1 0.625) (end -1 -0.625) (layer F.Fab) (width 0.1))
    (fp_line (start -1 -0.625) (end 1 -0.625) (layer F.Fab) (width 0.1))
    (fp_line (start 1 -0.625) (end 1 0.625) (layer F.Fab) (width 0.1))
    (fp_line (start 1 0.625) (end -1 0.625) (layer F.Fab) (width 0.1))
    (fp_line (start -0.227064 -0.735) (end 0.227064 -0.735) (layer F.SilkS) (width 0.12))
    (fp_line (start -0.227064 0.735) (end 0.227064 0.735) (layer F.SilkS) (width 0.12))
    (fp_line (start -1.68 0.95) (end -1.68 -0.95) (layer F.CrtYd) (width 0.05))
    (fp_line (start -1.68 -0.95) (end 1.68 -0.95) (layer F.CrtYd) (width 0.05))
    (fp_line (start 1.68 -0.95) (end 1.68 0.95) (layer F.CrtYd) (width 0.05))
    (fp_line (start 1.68 0.95) (end -1.68 0.95) (layer F.CrtYd) (width 0.05))
    (fp_text user %R (at 0 0) (layer F.Fab)
      (effects (font (size 1 1) (thickness 0.15)))
    )
    (pad 1 smd roundrect (at -0.9125 0 180) (size 1.025 1.4) (layers F.Cu F.Paste F.Mask) (roundrect_rratio 0.2439014634146341)
      (net 17 "Net-(J4-Pad2)"))
    (pad 2 smd roundrect (at 0.9125 0 180) (size 1.025 1.4) (layers F.Cu F.Paste F.Mask) (roundrect_rratio 0.2439014634146341)
      (net 2 GND))
    (model ${KISYS3DMOD}/Resistor_SMD.3dshapes/R_0805_2012Metric.wrl
      (at (xyz 0 0 0))
      (scale (xyz 1 1 1))
      (rotate (xyz 0 0 0))
    )
  )

  (module Resistor_SMD:R_0805_2012Metric (layer B.Cu) (tedit 5F68FEEE) (tstamp 6211D281)
    (at 160.35 112.3)
    (descr "Resistor SMD 0805 (2012 Metric), square (rectangular) end terminal, IPC_7351 nominal, (Body size source: IPC-SM-782 page 72, https://www.pcb-3d.com/wordpress/wp-content/uploads/ipc-sm-782a_amendment_1_and_2.pdf), generated with kicad-footprint-generator")
    (tags resistor)
    (path /62126335)
    (attr smd)
    (fp_text reference R6 (at 0 1.65) (layer B.SilkS)
      (effects (font (size 1 0.75) (thickness 0.15)) (justify mirror))
    )
    (fp_text value 1k (at 0 -1.65) (layer B.Fab)
      (effects (font (size 1 1) (thickness 0.15)) (justify mirror))
    )
    (fp_line (start 1.68 -0.95) (end -1.68 -0.95) (layer B.CrtYd) (width 0.05))
    (fp_line (start 1.68 0.95) (end 1.68 -0.95) (layer B.CrtYd) (width 0.05))
    (fp_line (start -1.68 0.95) (end 1.68 0.95) (layer B.CrtYd) (width 0.05))
    (fp_line (start -1.68 -0.95) (end -1.68 0.95) (layer B.CrtYd) (width 0.05))
    (fp_line (start -0.227064 -0.735) (end 0.227064 -0.735) (layer B.SilkS) (width 0.12))
    (fp_line (start -0.227064 0.735) (end 0.227064 0.735) (layer B.SilkS) (width 0.12))
    (fp_line (start 1 -0.625) (end -1 -0.625) (layer B.Fab) (width 0.1))
    (fp_line (start 1 0.625) (end 1 -0.625) (layer B.Fab) (width 0.1))
    (fp_line (start -1 0.625) (end 1 0.625) (layer B.Fab) (width 0.1))
    (fp_line (start -1 -0.625) (end -1 0.625) (layer B.Fab) (width 0.1))
    (fp_text user %R (at 0 0) (layer B.Fab)
      (effects (font (size 1 1) (thickness 0.15)) (justify mirror))
    )
    (pad 2 smd roundrect (at 0.9125 0) (size 1.025 1.4) (layers B.Cu B.Paste B.Mask) (roundrect_rratio 0.2439014634146341)
      (net 18 "Net-(R2-Pad2)"))
    (pad 1 smd roundrect (at -0.9125 0) (size 1.025 1.4) (layers B.Cu B.Paste B.Mask) (roundrect_rratio 0.2439014634146341)
      (net 17 "Net-(J4-Pad2)"))
    (model ${KISYS3DMOD}/Resistor_SMD.3dshapes/R_0805_2012Metric.wrl
      (at (xyz 0 0 0))
      (scale (xyz 1 1 1))
      (rotate (xyz 0 0 0))
    )
  )

  (module Package_TO_SOT_SMD:SOT-23-5 (layer B.Cu) (tedit 5A02FF57) (tstamp 6211D2A7)
    (at 153.85 108 180)
    (descr "5-pin SOT23 package")
    (tags SOT-23-5)
    (path /6212630E)
    (attr smd)
    (fp_text reference U5 (at 1.15 -4.7) (layer B.SilkS)
      (effects (font (size 1 0.75) (thickness 0.15)) (justify mirror))
    )
    (fp_text value MCP6001R (at 0 -2.9) (layer B.Fab)
      (effects (font (size 1 1) (thickness 0.15)) (justify mirror))
    )
    (fp_line (start -0.9 -1.61) (end 0.9 -1.61) (layer B.SilkS) (width 0.12))
    (fp_line (start 0.9 1.61) (end -1.55 1.61) (layer B.SilkS) (width 0.12))
    (fp_line (start -1.9 1.8) (end 1.9 1.8) (layer B.CrtYd) (width 0.05))
    (fp_line (start 1.9 1.8) (end 1.9 -1.8) (layer B.CrtYd) (width 0.05))
    (fp_line (start 1.9 -1.8) (end -1.9 -1.8) (layer B.CrtYd) (width 0.05))
    (fp_line (start -1.9 -1.8) (end -1.9 1.8) (layer B.CrtYd) (width 0.05))
    (fp_line (start -0.9 0.9) (end -0.25 1.55) (layer B.Fab) (width 0.1))
    (fp_line (start 0.9 1.55) (end -0.25 1.55) (layer B.Fab) (width 0.1))
    (fp_line (start -0.9 0.9) (end -0.9 -1.55) (layer B.Fab) (width 0.1))
    (fp_line (start 0.9 -1.55) (end -0.9 -1.55) (layer B.Fab) (width 0.1))
    (fp_line (start 0.9 1.55) (end 0.9 -1.55) (layer B.Fab) (width 0.1))
    (fp_text user %R (at 0 0 270) (layer B.Fab)
      (effects (font (size 1 1) (thickness 0.15)) (justify mirror))
    )
    (pad 1 smd rect (at -1.1 0.95 180) (size 1.06 0.65) (layers B.Cu B.Paste B.Mask)
      (net 6 /FB))
    (pad 2 smd rect (at -1.1 0 180) (size 1.06 0.65) (layers B.Cu B.Paste B.Mask)
      (net 1 Vreg))
    (pad 3 smd rect (at -1.1 -0.95 180) (size 1.06 0.65) (layers B.Cu B.Paste B.Mask)
      (net 18 "Net-(R2-Pad2)"))
    (pad 4 smd rect (at 1.1 -0.95 180) (size 1.06 0.65) (layers B.Cu B.Paste B.Mask)
      (net 16 "Net-(C2-Pad1)"))
    (pad 5 smd rect (at 1.1 0.95 180) (size 1.06 0.65) (layers B.Cu B.Paste B.Mask)
      (net 2 GND))
    (model ${KISYS3DMOD}/Package_TO_SOT_SMD.3dshapes/SOT-23-5.wrl
      (at (xyz 0 0 0))
      (scale (xyz 1 1 1))
      (rotate (xyz 0 0 0))
    )
  )

  (module Capacitor_SMD:C_0805_2012Metric (layer F.Cu) (tedit 5F68FEEE) (tstamp 6167BDEF)
    (at 156.15 109.65)
    (descr "Capacitor SMD 0805 (2012 Metric), square (rectangular) end terminal, IPC_7351 nominal, (Body size source: IPC-SM-782 page 76, https://www.pcb-3d.com/wordpress/wp-content/uploads/ipc-sm-782a_amendment_1_and_2.pdf, https://docs.google.com/spreadsheets/d/1BsfQQcO9C6DZCsRaXUlFlo91Tg2WpOkGARC1WS5S8t0/edit?usp=sharing), generated with kicad-footprint-generator")
    (tags capacitor)
    (path /6163C6A3)
    (attr smd)
    (fp_text reference C1 (at -1.95 3 90) (layer F.SilkS)
      (effects (font (size 1 0.75) (thickness 0.15)))
    )
    (fp_text value 10u (at 0 1.68) (layer F.Fab)
      (effects (font (size 1 1) (thickness 0.15)))
    )
    (fp_line (start 1.7 0.98) (end -1.7 0.98) (layer F.CrtYd) (width 0.05))
    (fp_line (start 1.7 -0.98) (end 1.7 0.98) (layer F.CrtYd) (width 0.05))
    (fp_line (start -1.7 -0.98) (end 1.7 -0.98) (layer F.CrtYd) (width 0.05))
    (fp_line (start -1.7 0.98) (end -1.7 -0.98) (layer F.CrtYd) (width 0.05))
    (fp_line (start -0.261252 0.735) (end 0.261252 0.735) (layer F.SilkS) (width 0.12))
    (fp_line (start -0.261252 -0.735) (end 0.261252 -0.735) (layer F.SilkS) (width 0.12))
    (fp_line (start 1 0.625) (end -1 0.625) (layer F.Fab) (width 0.1))
    (fp_line (start 1 -0.625) (end 1 0.625) (layer F.Fab) (width 0.1))
    (fp_line (start -1 -0.625) (end 1 -0.625) (layer F.Fab) (width 0.1))
    (fp_line (start -1 0.625) (end -1 -0.625) (layer F.Fab) (width 0.1))
    (fp_text user %R (at 0 0) (layer F.Fab)
      (effects (font (size 1 1) (thickness 0.15)))
    )
    (pad 1 smd roundrect (at -0.95 0) (size 1 1.45) (layers F.Cu F.Paste F.Mask) (roundrect_rratio 0.25)
      (net 1 Vreg))
    (pad 2 smd roundrect (at 0.95 0) (size 1 1.45) (layers F.Cu F.Paste F.Mask) (roundrect_rratio 0.25)
      (net 2 GND))
    (model ${KISYS3DMOD}/Capacitor_SMD.3dshapes/C_0805_2012Metric.wrl
      (at (xyz 0 0 0))
      (scale (xyz 1 1 1))
      (rotate (xyz 0 0 0))
    )
  )

  (module Capacitor_SMD:C_0805_2012Metric (layer B.Cu) (tedit 5F68FEEE) (tstamp 6213AEF3)
    (at 154.45 111.65 270)
    (descr "Capacitor SMD 0805 (2012 Metric), square (rectangular) end terminal, IPC_7351 nominal, (Body size source: IPC-SM-782 page 76, https://www.pcb-3d.com/wordpress/wp-content/uploads/ipc-sm-782a_amendment_1_and_2.pdf, https://docs.google.com/spreadsheets/d/1BsfQQcO9C6DZCsRaXUlFlo91Tg2WpOkGARC1WS5S8t0/edit?usp=sharing), generated with kicad-footprint-generator")
    (tags capacitor)
    (path /6212635F)
    (attr smd)
    (fp_text reference C2 (at 0.5 -1.85 180) (layer B.SilkS)
      (effects (font (size 1 0.75) (thickness 0.15)) (justify mirror))
    )
    (fp_text value 1n (at 0 -1.68 90) (layer B.Fab)
      (effects (font (size 1 1) (thickness 0.15)) (justify mirror))
    )
    (fp_line (start 1.7 -0.98) (end -1.7 -0.98) (layer B.CrtYd) (width 0.05))
    (fp_line (start 1.7 0.98) (end 1.7 -0.98) (layer B.CrtYd) (width 0.05))
    (fp_line (start -1.7 0.98) (end 1.7 0.98) (layer B.CrtYd) (width 0.05))
    (fp_line (start -1.7 -0.98) (end -1.7 0.98) (layer B.CrtYd) (width 0.05))
    (fp_line (start -0.261252 -0.735) (end 0.261252 -0.735) (layer B.SilkS) (width 0.12))
    (fp_line (start -0.261252 0.735) (end 0.261252 0.735) (layer B.SilkS) (width 0.12))
    (fp_line (start 1 -0.625) (end -1 -0.625) (layer B.Fab) (width 0.1))
    (fp_line (start 1 0.625) (end 1 -0.625) (layer B.Fab) (width 0.1))
    (fp_line (start -1 0.625) (end 1 0.625) (layer B.Fab) (width 0.1))
    (fp_line (start -1 -0.625) (end -1 0.625) (layer B.Fab) (width 0.1))
    (fp_text user %R (at 0 0 90) (layer B.Fab)
      (effects (font (size 1 1) (thickness 0.15)) (justify mirror))
    )
    (pad 1 smd roundrect (at -0.95 0 270) (size 1 1.45) (layers B.Cu B.Paste B.Mask) (roundrect_rratio 0.25)
      (net 16 "Net-(C2-Pad1)"))
    (pad 2 smd roundrect (at 0.95 0 270) (size 1 1.45) (layers B.Cu B.Paste B.Mask) (roundrect_rratio 0.25)
      (net 6 /FB))
    (model ${KISYS3DMOD}/Capacitor_SMD.3dshapes/C_0805_2012Metric.wrl
      (at (xyz 0 0 0))
      (scale (xyz 1 1 1))
      (rotate (xyz 0 0 0))
    )
  )

  (module Capacitor_SMD:C_0805_2012Metric (layer F.Cu) (tedit 5F68FEEE) (tstamp 6167BE11)
    (at 159.6 109.65 180)
    (descr "Capacitor SMD 0805 (2012 Metric), square (rectangular) end terminal, IPC_7351 nominal, (Body size source: IPC-SM-782 page 76, https://www.pcb-3d.com/wordpress/wp-content/uploads/ipc-sm-782a_amendment_1_and_2.pdf, https://docs.google.com/spreadsheets/d/1BsfQQcO9C6DZCsRaXUlFlo91Tg2WpOkGARC1WS5S8t0/edit?usp=sharing), generated with kicad-footprint-generator")
    (tags capacitor)
    (path /6163D5CC)
    (attr smd)
    (fp_text reference C3 (at 0 1.7 90) (layer F.SilkS)
      (effects (font (size 1 0.75) (thickness 0.15)))
    )
    (fp_text value 10u (at 0 1.68) (layer F.Fab)
      (effects (font (size 1 1) (thickness 0.15)))
    )
    (fp_line (start -1 0.625) (end -1 -0.625) (layer F.Fab) (width 0.1))
    (fp_line (start -1 -0.625) (end 1 -0.625) (layer F.Fab) (width 0.1))
    (fp_line (start 1 -0.625) (end 1 0.625) (layer F.Fab) (width 0.1))
    (fp_line (start 1 0.625) (end -1 0.625) (layer F.Fab) (width 0.1))
    (fp_line (start -0.261252 -0.735) (end 0.261252 -0.735) (layer F.SilkS) (width 0.12))
    (fp_line (start -0.261252 0.735) (end 0.261252 0.735) (layer F.SilkS) (width 0.12))
    (fp_line (start -1.7 0.98) (end -1.7 -0.98) (layer F.CrtYd) (width 0.05))
    (fp_line (start -1.7 -0.98) (end 1.7 -0.98) (layer F.CrtYd) (width 0.05))
    (fp_line (start 1.7 -0.98) (end 1.7 0.98) (layer F.CrtYd) (width 0.05))
    (fp_line (start 1.7 0.98) (end -1.7 0.98) (layer F.CrtYd) (width 0.05))
    (fp_text user %R (at 0 0) (layer F.Fab)
      (effects (font (size 1 1) (thickness 0.15)))
    )
    (pad 2 smd roundrect (at 0.95 0 180) (size 1 1.45) (layers F.Cu F.Paste F.Mask) (roundrect_rratio 0.25)
      (net 2 GND))
    (pad 1 smd roundrect (at -0.95 0 180) (size 1 1.45) (layers F.Cu F.Paste F.Mask) (roundrect_rratio 0.25)
      (net 3 Vin))
    (model ${KISYS3DMOD}/Capacitor_SMD.3dshapes/C_0805_2012Metric.wrl
      (at (xyz 0 0 0))
      (scale (xyz 1 1 1))
      (rotate (xyz 0 0 0))
    )
  )

  (module Capacitor_SMD:C_0805_2012Metric (layer F.Cu) (tedit 5F68FEEE) (tstamp 6167BE22)
    (at 160.1 106 180)
    (descr "Capacitor SMD 0805 (2012 Metric), square (rectangular) end terminal, IPC_7351 nominal, (Body size source: IPC-SM-782 page 76, https://www.pcb-3d.com/wordpress/wp-content/uploads/ipc-sm-782a_amendment_1_and_2.pdf, https://docs.google.com/spreadsheets/d/1BsfQQcO9C6DZCsRaXUlFlo91Tg2WpOkGARC1WS5S8t0/edit?usp=sharing), generated with kicad-footprint-generator")
    (tags capacitor)
    (path /61661E47)
    (attr smd)
    (fp_text reference C4 (at -0.2 1.7 90) (layer F.SilkS)
      (effects (font (size 1 0.75) (thickness 0.15)))
    )
    (fp_text value 0,1u (at 0 1.68) (layer F.Fab)
      (effects (font (size 1 1) (thickness 0.15)))
    )
    (fp_line (start -1 0.625) (end -1 -0.625) (layer F.Fab) (width 0.1))
    (fp_line (start -1 -0.625) (end 1 -0.625) (layer F.Fab) (width 0.1))
    (fp_line (start 1 -0.625) (end 1 0.625) (layer F.Fab) (width 0.1))
    (fp_line (start 1 0.625) (end -1 0.625) (layer F.Fab) (width 0.1))
    (fp_line (start -0.261252 -0.735) (end 0.261252 -0.735) (layer F.SilkS) (width 0.12))
    (fp_line (start -0.261252 0.735) (end 0.261252 0.735) (layer F.SilkS) (width 0.12))
    (fp_line (start -1.7 0.98) (end -1.7 -0.98) (layer F.CrtYd) (width 0.05))
    (fp_line (start -1.7 -0.98) (end 1.7 -0.98) (layer F.CrtYd) (width 0.05))
    (fp_line (start 1.7 -0.98) (end 1.7 0.98) (layer F.CrtYd) (width 0.05))
    (fp_line (start 1.7 0.98) (end -1.7 0.98) (layer F.CrtYd) (width 0.05))
    (fp_text user %R (at 0 0) (layer F.Fab)
      (effects (font (size 1 1) (thickness 0.15)))
    )
    (pad 2 smd roundrect (at 0.95 0 180) (size 1 1.45) (layers F.Cu F.Paste F.Mask) (roundrect_rratio 0.25)
      (net 2 GND))
    (pad 1 smd roundrect (at -0.95 0 180) (size 1 1.45) (layers F.Cu F.Paste F.Mask) (roundrect_rratio 0.25)
      (net 3 Vin))
    (model ${KISYS3DMOD}/Capacitor_SMD.3dshapes/C_0805_2012Metric.wrl
      (at (xyz 0 0 0))
      (scale (xyz 1 1 1))
      (rotate (xyz 0 0 0))
    )
  )

  (module Capacitor_SMD:C_0805_2012Metric (layer B.Cu) (tedit 5F68FEEE) (tstamp 6167BE33)
    (at 161.15 104.35)
    (descr "Capacitor SMD 0805 (2012 Metric), square (rectangular) end terminal, IPC_7351 nominal, (Body size source: IPC-SM-782 page 76, https://www.pcb-3d.com/wordpress/wp-content/uploads/ipc-sm-782a_amendment_1_and_2.pdf, https://docs.google.com/spreadsheets/d/1BsfQQcO9C6DZCsRaXUlFlo91Tg2WpOkGARC1WS5S8t0/edit?usp=sharing), generated with kicad-footprint-generator")
    (tags capacitor)
    (path /6166524A)
    (attr smd)
    (fp_text reference C5 (at 0 -1.65) (layer B.SilkS)
      (effects (font (size 1 0.75) (thickness 0.15)) (justify mirror))
    )
    (fp_text value 0,1u (at 0 -1.68) (layer B.Fab)
      (effects (font (size 1 1) (thickness 0.15)) (justify mirror))
    )
    (fp_line (start 1.7 -0.98) (end -1.7 -0.98) (layer B.CrtYd) (width 0.05))
    (fp_line (start 1.7 0.98) (end 1.7 -0.98) (layer B.CrtYd) (width 0.05))
    (fp_line (start -1.7 0.98) (end 1.7 0.98) (layer B.CrtYd) (width 0.05))
    (fp_line (start -1.7 -0.98) (end -1.7 0.98) (layer B.CrtYd) (width 0.05))
    (fp_line (start -0.261252 -0.735) (end 0.261252 -0.735) (layer B.SilkS) (width 0.12))
    (fp_line (start -0.261252 0.735) (end 0.261252 0.735) (layer B.SilkS) (width 0.12))
    (fp_line (start 1 -0.625) (end -1 -0.625) (layer B.Fab) (width 0.1))
    (fp_line (start 1 0.625) (end 1 -0.625) (layer B.Fab) (width 0.1))
    (fp_line (start -1 0.625) (end 1 0.625) (layer B.Fab) (width 0.1))
    (fp_line (start -1 -0.625) (end -1 0.625) (layer B.Fab) (width 0.1))
    (fp_text user %R (at 0 0) (layer B.Fab)
      (effects (font (size 1 1) (thickness 0.15)) (justify mirror))
    )
    (pad 1 smd roundrect (at -0.95 0) (size 1 1.45) (layers B.Cu B.Paste B.Mask) (roundrect_rratio 0.25)
      (net 7 /Vdim))
    (pad 2 smd roundrect (at 0.95 0) (size 1 1.45) (layers B.Cu B.Paste B.Mask) (roundrect_rratio 0.25)
      (net 2 GND))
    (model ${KISYS3DMOD}/Capacitor_SMD.3dshapes/C_0805_2012Metric.wrl
      (at (xyz 0 0 0))
      (scale (xyz 1 1 1))
      (rotate (xyz 0 0 0))
    )
  )

  (module led_lamp:SolderWirePad_1x01_SMD_1x2mm (layer F.Cu) (tedit 615F4851) (tstamp 6211D4E5)
    (at 164.1 109.5 90)
    (descr "Wire Pad, Square, SMD Pad,  1mmx2mm")
    (tags "MesurementPoint Square SMDPad 5mmx10mm ")
    (path /6169CED8)
    (attr virtual)
    (fp_text reference J1 (at 0 -2.1 90) (layer F.SilkS)
      (effects (font (size 1 0.75) (thickness 0.15)))
    )
    (fp_text value Conn_01x01 (at 0 2.85 90) (layer F.Fab)
      (effects (font (size 1 1) (thickness 0.15)))
    )
    (fp_line (start -0.65 1.27) (end -0.65 -1.27) (layer F.Fab) (width 0.1))
    (fp_line (start 0.65 1.27) (end -0.65 1.27) (layer F.Fab) (width 0.1))
    (fp_line (start 0.65 -1.27) (end 0.65 1.27) (layer F.Fab) (width 0.1))
    (fp_line (start -0.65 -1.27) (end 0.65 -1.27) (layer F.Fab) (width 0.1))
    (fp_line (start -0.65 -1.27) (end -0.65 1.27) (layer F.CrtYd) (width 0.05))
    (fp_line (start -0.65 1.27) (end 0.65 1.27) (layer F.CrtYd) (width 0.05))
    (fp_line (start 0.65 1.27) (end 0.65 -1.27) (layer F.CrtYd) (width 0.05))
    (fp_line (start 0.65 -1.27) (end -0.65 -1.27) (layer F.CrtYd) (width 0.05))
    (fp_text user %R (at 0 0 90) (layer F.Fab)
      (effects (font (size 1 1) (thickness 0.15)))
    )
    (pad 1 smd roundrect (at 0 0 90) (size 1 2) (layers F.Cu F.Paste F.Mask) (roundrect_rratio 0.25)
      (net 3 Vin))
  )

  (module led_lamp:SolderWirePad_1x01_SMD_1x2mm (layer F.Cu) (tedit 615F4851) (tstamp 6211D873)
    (at 164.1 108 90)
    (descr "Wire Pad, Square, SMD Pad,  1mmx2mm")
    (tags "MesurementPoint Square SMDPad 5mmx10mm ")
    (path /61649662)
    (attr virtual)
    (fp_text reference J2 (at 0 -2.1 90) (layer F.SilkS)
      (effects (font (size 1 0.75) (thickness 0.15)))
    )
    (fp_text value Conn_01x01 (at 0 2.85 90) (layer F.Fab)
      (effects (font (size 1 1) (thickness 0.15)))
    )
    (fp_line (start 0.65 -1.27) (end -0.65 -1.27) (layer F.CrtYd) (width 0.05))
    (fp_line (start 0.65 1.27) (end 0.65 -1.27) (layer F.CrtYd) (width 0.05))
    (fp_line (start -0.65 1.27) (end 0.65 1.27) (layer F.CrtYd) (width 0.05))
    (fp_line (start -0.65 -1.27) (end -0.65 1.27) (layer F.CrtYd) (width 0.05))
    (fp_line (start -0.65 -1.27) (end 0.65 -1.27) (layer F.Fab) (width 0.1))
    (fp_line (start 0.65 -1.27) (end 0.65 1.27) (layer F.Fab) (width 0.1))
    (fp_line (start 0.65 1.27) (end -0.65 1.27) (layer F.Fab) (width 0.1))
    (fp_line (start -0.65 1.27) (end -0.65 -1.27) (layer F.Fab) (width 0.1))
    (fp_text user %R (at 0 0 90) (layer F.Fab)
      (effects (font (size 1 1) (thickness 0.15)))
    )
    (pad 1 smd roundrect (at 0 0 90) (size 1 2) (layers F.Cu F.Paste F.Mask) (roundrect_rratio 0.25)
      (net 4 +BATT))
  )

  (module led_lamp:SolderWirePad_1x01_SMD_1x2mm (layer F.Cu) (tedit 615F4851) (tstamp 6167BE6E)
    (at 164.1 112.5 270)
    (descr "Wire Pad, Square, SMD Pad,  1mmx2mm")
    (tags "MesurementPoint Square SMDPad 5mmx10mm ")
    (path /6164CA1C)
    (attr virtual)
    (fp_text reference J3 (at 0 2.05 90) (layer F.SilkS)
      (effects (font (size 1 0.75) (thickness 0.15)))
    )
    (fp_text value Conn_01x01 (at 0 2.85 90) (layer F.Fab)
      (effects (font (size 1 1) (thickness 0.15)))
    )
    (fp_line (start 0.65 -1.27) (end -0.65 -1.27) (layer F.CrtYd) (width 0.05))
    (fp_line (start 0.65 1.27) (end 0.65 -1.27) (layer F.CrtYd) (width 0.05))
    (fp_line (start -0.65 1.27) (end 0.65 1.27) (layer F.CrtYd) (width 0.05))
    (fp_line (start -0.65 -1.27) (end -0.65 1.27) (layer F.CrtYd) (width 0.05))
    (fp_line (start -0.65 -1.27) (end 0.65 -1.27) (layer F.Fab) (width 0.1))
    (fp_line (start 0.65 -1.27) (end 0.65 1.27) (layer F.Fab) (width 0.1))
    (fp_line (start 0.65 1.27) (end -0.65 1.27) (layer F.Fab) (width 0.1))
    (fp_line (start -0.65 1.27) (end -0.65 -1.27) (layer F.Fab) (width 0.1))
    (fp_text user %R (at 0 0 90) (layer F.Fab)
      (effects (font (size 1 1) (thickness 0.15)))
    )
    (pad 1 smd roundrect (at 0 0 270) (size 1 2) (layers F.Cu F.Paste F.Mask) (roundrect_rratio 0.25)
      (net 2 GND))
  )

  (module Inductor_SMD:L_1812_4532Metric (layer F.Cu) (tedit 5F68FEF0) (tstamp 61678DC4)
    (at 152.5 109.1 270)
    (descr "Inductor SMD 1812 (4532 Metric), square (rectangular) end terminal, IPC_7351 nominal, (Body size source: https://www.nikhef.nl/pub/departments/mt/projects/detectorR_D/dtddice/ERJ2G.pdf), generated with kicad-footprint-generator")
    (tags inductor)
    (path /6163A040)
    (attr smd)
    (fp_text reference L1 (at 3.75 1.35 90) (layer F.SilkS)
      (effects (font (size 1 0.75) (thickness 0.15)))
    )
    (fp_text value 2,2u (at 0 2.65 90) (layer F.Fab)
      (effects (font (size 1 1) (thickness 0.15)))
    )
    (fp_line (start 2.95 1.95) (end -2.95 1.95) (layer F.CrtYd) (width 0.05))
    (fp_line (start 2.95 -1.95) (end 2.95 1.95) (layer F.CrtYd) (width 0.05))
    (fp_line (start -2.95 -1.95) (end 2.95 -1.95) (layer F.CrtYd) (width 0.05))
    (fp_line (start -2.95 1.95) (end -2.95 -1.95) (layer F.CrtYd) (width 0.05))
    (fp_line (start -1.386252 1.71) (end 1.386252 1.71) (layer F.SilkS) (width 0.12))
    (fp_line (start -1.386252 -1.71) (end 1.386252 -1.71) (layer F.SilkS) (width 0.12))
    (fp_line (start 2.25 1.6) (end -2.25 1.6) (layer F.Fab) (width 0.1))
    (fp_line (start 2.25 -1.6) (end 2.25 1.6) (layer F.Fab) (width 0.1))
    (fp_line (start -2.25 -1.6) (end 2.25 -1.6) (layer F.Fab) (width 0.1))
    (fp_line (start -2.25 1.6) (end -2.25 -1.6) (layer F.Fab) (width 0.1))
    (fp_text user %R (at 0 0 90) (layer F.Fab)
      (effects (font (size 1 1) (thickness 0.15)))
    )
    (pad 1 smd roundrect (at -2.1375 0 270) (size 1.125 3.4) (layers F.Cu F.Paste F.Mask) (roundrect_rratio 0.2222204444444444)
      (net 5 "Net-(L1-Pad1)"))
    (pad 2 smd roundrect (at 2.1375 0 270) (size 1.125 3.4) (layers F.Cu F.Paste F.Mask) (roundrect_rratio 0.2222204444444444)
      (net 1 Vreg))
    (model ${KISYS3DMOD}/Inductor_SMD.3dshapes/L_1812_4532Metric.wrl
      (at (xyz 0 0 0))
      (scale (xyz 1 1 1))
      (rotate (xyz 0 0 0))
    )
  )

  (module Package_TO_SOT_SMD:SOT-23 (layer F.Cu) (tedit 5A02FF57) (tstamp 6167C693)
    (at 163.6 105.6 270)
    (descr "SOT-23, Standard")
    (tags SOT-23)
    (path /6165001D)
    (attr smd)
    (fp_text reference Q1 (at -2.5 -1.1 90) (layer F.SilkS)
      (effects (font (size 1 0.75) (thickness 0.15)))
    )
    (fp_text value FDN306P (at 0 2.5 90) (layer F.Fab)
      (effects (font (size 1 1) (thickness 0.15)))
    )
    (fp_line (start 0.76 1.58) (end -0.7 1.58) (layer F.SilkS) (width 0.12))
    (fp_line (start 0.76 -1.58) (end -1.4 -1.58) (layer F.SilkS) (width 0.12))
    (fp_line (start -1.7 1.75) (end -1.7 -1.75) (layer F.CrtYd) (width 0.05))
    (fp_line (start 1.7 1.75) (end -1.7 1.75) (layer F.CrtYd) (width 0.05))
    (fp_line (start 1.7 -1.75) (end 1.7 1.75) (layer F.CrtYd) (width 0.05))
    (fp_line (start -1.7 -1.75) (end 1.7 -1.75) (layer F.CrtYd) (width 0.05))
    (fp_line (start 0.76 -1.58) (end 0.76 -0.65) (layer F.SilkS) (width 0.12))
    (fp_line (start 0.76 1.58) (end 0.76 0.65) (layer F.SilkS) (width 0.12))
    (fp_line (start -0.7 1.52) (end 0.7 1.52) (layer F.Fab) (width 0.1))
    (fp_line (start 0.7 -1.52) (end 0.7 1.52) (layer F.Fab) (width 0.1))
    (fp_line (start -0.7 -0.95) (end -0.15 -1.52) (layer F.Fab) (width 0.1))
    (fp_line (start -0.15 -1.52) (end 0.7 -1.52) (layer F.Fab) (width 0.1))
    (fp_line (start -0.7 -0.95) (end -0.7 1.5) (layer F.Fab) (width 0.1))
    (fp_text user %R (at 0 0) (layer F.Fab)
      (effects (font (size 1 1) (thickness 0.15)))
    )
    (pad 1 smd rect (at -1 -0.95 270) (size 0.9 0.8) (layers F.Cu F.Paste F.Mask)
      (net 10 /~BATBYP))
    (pad 2 smd rect (at -1 0.95 270) (size 0.9 0.8) (layers F.Cu F.Paste F.Mask)
      (net 3 Vin))
    (pad 3 smd rect (at 1 0 270) (size 0.9 0.8) (layers F.Cu F.Paste F.Mask)
      (net 4 +BATT))
    (model ${KISYS3DMOD}/Package_TO_SOT_SMD.3dshapes/SOT-23.wrl
      (at (xyz 0 0 0))
      (scale (xyz 1 1 1))
      (rotate (xyz 0 0 0))
    )
  )

  (module Resistor_SMD:R_0805_2012Metric (layer B.Cu) (tedit 5F68FEEE) (tstamp 6167C3A1)
    (at 151.75 111)
    (descr "Resistor SMD 0805 (2012 Metric), square (rectangular) end terminal, IPC_7351 nominal, (Body size source: IPC-SM-782 page 72, https://www.pcb-3d.com/wordpress/wp-content/uploads/ipc-sm-782a_amendment_1_and_2.pdf), generated with kicad-footprint-generator")
    (tags resistor)
    (path /62126314)
    (attr smd)
    (fp_text reference R1 (at 0.15 3.15) (layer B.SilkS)
      (effects (font (size 1 0.75) (thickness 0.15)) (justify mirror))
    )
    (fp_text value 36k (at 0 -1.65) (layer B.Fab)
      (effects (font (size 1 1) (thickness 0.15)) (justify mirror))
    )
    (fp_line (start -1 -0.625) (end -1 0.625) (layer B.Fab) (width 0.1))
    (fp_line (start -1 0.625) (end 1 0.625) (layer B.Fab) (width 0.1))
    (fp_line (start 1 0.625) (end 1 -0.625) (layer B.Fab) (width 0.1))
    (fp_line (start 1 -0.625) (end -1 -0.625) (layer B.Fab) (width 0.1))
    (fp_line (start -0.227064 0.735) (end 0.227064 0.735) (layer B.SilkS) (width 0.12))
    (fp_line (start -0.227064 -0.735) (end 0.227064 -0.735) (layer B.SilkS) (width 0.12))
    (fp_line (start -1.68 -0.95) (end -1.68 0.95) (layer B.CrtYd) (width 0.05))
    (fp_line (start -1.68 0.95) (end 1.68 0.95) (layer B.CrtYd) (width 0.05))
    (fp_line (start 1.68 0.95) (end 1.68 -0.95) (layer B.CrtYd) (width 0.05))
    (fp_line (start 1.68 -0.95) (end -1.68 -0.95) (layer B.CrtYd) (width 0.05))
    (fp_text user %R (at 0 0) (layer B.Fab)
      (effects (font (size 1 1) (thickness 0.15)) (justify mirror))
    )
    (pad 2 smd roundrect (at 0.9125 0) (size 1.025 1.4) (layers B.Cu B.Paste B.Mask) (roundrect_rratio 0.2439004878048781)
      (net 6 /FB))
    (pad 1 smd roundrect (at -0.9125 0) (size 1.025 1.4) (layers B.Cu B.Paste B.Mask) (roundrect_rratio 0.2439004878048781)
      (net 16 "Net-(C2-Pad1)"))
    (model ${KISYS3DMOD}/Resistor_SMD.3dshapes/R_0805_2012Metric.wrl
      (at (xyz 0 0 0))
      (scale (xyz 1 1 1))
      (rotate (xyz 0 0 0))
    )
  )

  (module Resistor_SMD:R_0805_2012Metric (layer B.Cu) (tedit 5F68FEEE) (tstamp 6167C3F6)
    (at 157.75 104.4 180)
    (descr "Resistor SMD 0805 (2012 Metric), square (rectangular) end terminal, IPC_7351 nominal, (Body size source: IPC-SM-782 page 72, https://www.pcb-3d.com/wordpress/wp-content/uploads/ipc-sm-782a_amendment_1_and_2.pdf), generated with kicad-footprint-generator")
    (tags resistor)
    (path /6212632F)
    (attr smd)
    (fp_text reference R2 (at 0 1.55) (layer B.SilkS)
      (effects (font (size 1 0.75) (thickness 0.15)) (justify mirror))
    )
    (fp_text value 100k (at 0 -1.65) (layer B.Fab)
      (effects (font (size 1 1) (thickness 0.15)) (justify mirror))
    )
    (fp_line (start 1.68 -0.95) (end -1.68 -0.95) (layer B.CrtYd) (width 0.05))
    (fp_line (start 1.68 0.95) (end 1.68 -0.95) (layer B.CrtYd) (width 0.05))
    (fp_line (start -1.68 0.95) (end 1.68 0.95) (layer B.CrtYd) (width 0.05))
    (fp_line (start -1.68 -0.95) (end -1.68 0.95) (layer B.CrtYd) (width 0.05))
    (fp_line (start -0.227064 -0.735) (end 0.227064 -0.735) (layer B.SilkS) (width 0.12))
    (fp_line (start -0.227064 0.735) (end 0.227064 0.735) (layer B.SilkS) (width 0.12))
    (fp_line (start 1 -0.625) (end -1 -0.625) (layer B.Fab) (width 0.1))
    (fp_line (start 1 0.625) (end 1 -0.625) (layer B.Fab) (width 0.1))
    (fp_line (start -1 0.625) (end 1 0.625) (layer B.Fab) (width 0.1))
    (fp_line (start -1 -0.625) (end -1 0.625) (layer B.Fab) (width 0.1))
    (fp_text user %R (at 0 0) (layer B.Fab)
      (effects (font (size 1 1) (thickness 0.15)) (justify mirror))
    )
    (pad 1 smd roundrect (at -0.9125 0 180) (size 1.025 1.4) (layers B.Cu B.Paste B.Mask) (roundrect_rratio 0.2439004878048781)
      (net 7 /Vdim))
    (pad 2 smd roundrect (at 0.9125 0 180) (size 1.025 1.4) (layers B.Cu B.Paste B.Mask) (roundrect_rratio 0.2439004878048781)
      (net 18 "Net-(R2-Pad2)"))
    (model ${KISYS3DMOD}/Resistor_SMD.3dshapes/R_0805_2012Metric.wrl
      (at (xyz 0 0 0))
      (scale (xyz 1 1 1))
      (rotate (xyz 0 0 0))
    )
  )

  (module Resistor_SMD:R_0805_2012Metric (layer B.Cu) (tedit 5F68FEEE) (tstamp 61678EBB)
    (at 150.75 104.5 270)
    (descr "Resistor SMD 0805 (2012 Metric), square (rectangular) end terminal, IPC_7351 nominal, (Body size source: IPC-SM-782 page 72, https://www.pcb-3d.com/wordpress/wp-content/uploads/ipc-sm-782a_amendment_1_and_2.pdf), generated with kicad-footprint-generator")
    (tags resistor)
    (path /61664D69)
    (attr smd)
    (fp_text reference R3 (at -2.55 -0.15 90) (layer B.SilkS)
      (effects (font (size 1 0.75) (thickness 0.15)) (justify mirror))
    )
    (fp_text value 10k (at 0 -1.65 90) (layer B.Fab)
      (effects (font (size 1 1) (thickness 0.15)) (justify mirror))
    )
    (fp_line (start 1.68 -0.95) (end -1.68 -0.95) (layer B.CrtYd) (width 0.05))
    (fp_line (start 1.68 0.95) (end 1.68 -0.95) (layer B.CrtYd) (width 0.05))
    (fp_line (start -1.68 0.95) (end 1.68 0.95) (layer B.CrtYd) (width 0.05))
    (fp_line (start -1.68 -0.95) (end -1.68 0.95) (layer B.CrtYd) (width 0.05))
    (fp_line (start -0.227064 -0.735) (end 0.227064 -0.735) (layer B.SilkS) (width 0.12))
    (fp_line (start -0.227064 0.735) (end 0.227064 0.735) (layer B.SilkS) (width 0.12))
    (fp_line (start 1 -0.625) (end -1 -0.625) (layer B.Fab) (width 0.1))
    (fp_line (start 1 0.625) (end 1 -0.625) (layer B.Fab) (width 0.1))
    (fp_line (start -1 0.625) (end 1 0.625) (layer B.Fab) (width 0.1))
    (fp_line (start -1 -0.625) (end -1 0.625) (layer B.Fab) (width 0.1))
    (fp_text user %R (at 0 0 90) (layer B.Fab)
      (effects (font (size 1 1) (thickness 0.15)) (justify mirror))
    )
    (pad 1 smd roundrect (at -0.9125 0 270) (size 1.025 1.4) (layers B.Cu B.Paste B.Mask) (roundrect_rratio 0.2439004878048781)
      (net 7 /Vdim))
    (pad 2 smd roundrect (at 0.9125 0 270) (size 1.025 1.4) (layers B.Cu B.Paste B.Mask) (roundrect_rratio 0.2439004878048781)
      (net 11 "Net-(R3-Pad2)"))
    (model ${KISYS3DMOD}/Resistor_SMD.3dshapes/R_0805_2012Metric.wrl
      (at (xyz 0 0 0))
      (scale (xyz 1 1 1))
      (rotate (xyz 0 0 0))
    )
  )

  (module Resistor_SMD:R_0805_2012Metric (layer B.Cu) (tedit 5F68FEEE) (tstamp 6167BEE9)
    (at 163.75 112.3 180)
    (descr "Resistor SMD 0805 (2012 Metric), square (rectangular) end terminal, IPC_7351 nominal, (Body size source: IPC-SM-782 page 72, https://www.pcb-3d.com/wordpress/wp-content/uploads/ipc-sm-782a_amendment_1_and_2.pdf), generated with kicad-footprint-generator")
    (tags resistor)
    (path /6168BCD8)
    (attr smd)
    (fp_text reference R4 (at 0 -1.7) (layer B.SilkS)
      (effects (font (size 1 0.75) (thickness 0.15)) (justify mirror))
    )
    (fp_text value 100k (at 0 -1.65) (layer B.Fab)
      (effects (font (size 1 1) (thickness 0.15)) (justify mirror))
    )
    (fp_line (start -1 -0.625) (end -1 0.625) (layer B.Fab) (width 0.1))
    (fp_line (start -1 0.625) (end 1 0.625) (layer B.Fab) (width 0.1))
    (fp_line (start 1 0.625) (end 1 -0.625) (layer B.Fab) (width 0.1))
    (fp_line (start 1 -0.625) (end -1 -0.625) (layer B.Fab) (width 0.1))
    (fp_line (start -0.227064 0.735) (end 0.227064 0.735) (layer B.SilkS) (width 0.12))
    (fp_line (start -0.227064 -0.735) (end 0.227064 -0.735) (layer B.SilkS) (width 0.12))
    (fp_line (start -1.68 -0.95) (end -1.68 0.95) (layer B.CrtYd) (width 0.05))
    (fp_line (start -1.68 0.95) (end 1.68 0.95) (layer B.CrtYd) (width 0.05))
    (fp_line (start 1.68 0.95) (end 1.68 -0.95) (layer B.CrtYd) (width 0.05))
    (fp_line (start 1.68 -0.95) (end -1.68 -0.95) (layer B.CrtYd) (width 0.05))
    (fp_text user %R (at 0 0) (layer B.Fab)
      (effects (font (size 1 1) (thickness 0.15)) (justify mirror))
    )
    (pad 2 smd roundrect (at 0.9125 0 180) (size 1.025 1.4) (layers B.Cu B.Paste B.Mask) (roundrect_rratio 0.2439004878048781)
      (net 8 /~SW))
    (pad 1 smd roundrect (at -0.9125 0 180) (size 1.025 1.4) (layers B.Cu B.Paste B.Mask) (roundrect_rratio 0.2439004878048781)
      (net 3 Vin))
    (model ${KISYS3DMOD}/Resistor_SMD.3dshapes/R_0805_2012Metric.wrl
      (at (xyz 0 0 0))
      (scale (xyz 1 1 1))
      (rotate (xyz 0 0 0))
    )
  )

  (module Package_SO:SOIJ-8_5.3x5.3mm_P1.27mm (layer B.Cu) (tedit 5A02F2D3) (tstamp 6168880B)
    (at 160.65 108.35)
    (descr "8-Lead Plastic Small Outline (SM) - Medium, 5.28 mm Body [SOIC] (see Microchip Packaging Specification 00000049BS.pdf)")
    (tags "SOIC 1.27")
    (path /6164609B)
    (attr smd)
    (fp_text reference U1 (at 3.55 -3.9) (layer B.SilkS)
      (effects (font (size 1 0.75) (thickness 0.15)) (justify mirror))
    )
    (fp_text value ATtiny85-20SU (at 0 -3.68) (layer B.Fab)
      (effects (font (size 1 1) (thickness 0.15)) (justify mirror))
    )
    (fp_line (start -2.75 2.55) (end -4.5 2.55) (layer B.SilkS) (width 0.15))
    (fp_line (start -2.75 -2.755) (end 2.75 -2.755) (layer B.SilkS) (width 0.15))
    (fp_line (start -2.75 2.755) (end 2.75 2.755) (layer B.SilkS) (width 0.15))
    (fp_line (start -2.75 -2.755) (end -2.75 -2.455) (layer B.SilkS) (width 0.15))
    (fp_line (start 2.75 -2.755) (end 2.75 -2.455) (layer B.SilkS) (width 0.15))
